ebi,anago,maguro,ika,uni,tako,ikura,tamago,toro,amaebi,hotategai,tai,akagai,hamachi,awabi,samon,kazunoko,shako,saba,chu_toro,hirame,aji,kani,kohada,torigai,unagi,tekka_maki,kanpachi,mirugai,kappa_maki,geso,katsuo,iwashi,hokkigai,shimaaji,kanimiso,engawa,negi_toro,nattou_maki,sayori,takuwan_maki,botanebi,tobiko,inari,mentaiko,sarada,suzuki,tarabagani,ume_shiso_maki,komochi_konbu,tarako,sazae,aoyagi,toro_samon,sanma,hamo,nasu,shirauo,nattou,ankimo,kanpyo_maki,negi_toro_maki,gyusashi,hamaguri,basashi,fugu,tsubugai,ana_kyu_maki,hiragai,okura,ume_maki,sarada_maki,mentaiko_maki,buri,shiso_maki,ika_nattou,zuke,himo,kaiware,kurumaebi,mekabu,kue,sawara,sasami,kujira,kamo,himo_kyu_maki,tobiuo,ishigakidai,mamakari,hoya,battera,kyabia,karasumi,uni_kurage,karei,hiramasa,namako,shishamo,kaki
1.0,0.041669578030084975,0.021202518986327346,0.20643618964384022,0.022450938606956534,0.19826492060168302,-0.026239388871913252,0.09923540008270372,-0.08748723600785828,0.3230299695591224,0.18851552503265473,0.004618996665798828,0.11586981197613284,-0.050579459092529755,0.0836775238067533,0.0694457021793254,0.10715139547843139,0.19242343755725327,-0.06431481320578138,-0.0033228144717803863,0.029502998576012244,-0.002914310955076267,0.34725255111015274,0.058853941232555856,0.11149682169644269,0.14177257507854746,0.08254249114016157,-0.05453237263838125,0.07316091909490396,0.11209532735337151,0.2948484422444305,0.1699272176591121,-0.03664274907059319,0.14029709871968055,-0.043168063270475406,0.08615261811666058,0.06224236715295888,-0.043345957664638994,0.0902777006806205,0.0313431610211987,0.057651956124159215,0.39909964271824344,0.06660925000380728,-0.2513031984984464,0.07152505447778246,0.03857522609596888,0.026706781928479046,0.42735143886730215,0.08765943884129888,0.06404006232853424,0.20570134697543918,0.1465932790620071,0.08275619922202655,-0.03873044604470205,0.0793431918026844,0.11305006459350699,0.10281043640413703,0.386407930287635,0.008712071680649351,0.17925991247511422,0.14825126055200655,0.0016761840396562256,-0.2752014927545378,0.025000079351716595,0.035217600686852576,-0.06394852545142529,-0.053415683451906,-0.20963500582172467,0.2059036588955665,0.2641041847779723,-0.04163623777094283,0.09195212480232441,0.17484229160373546,-0.045881335704499836,0.14657978086547568,0.1877020945224397,-0.02390366323714653,-0.029762313462904737,0.25421015504623434,0.37358615088944863,-0.0104661130907909,0.12857470858032158,-0.13436443102610304,0.16783627165933782,0.16335664436571604,0.1216660658480719,0.22944997928444122,0.1254319158464113,0.34376466464408933,0.15764410532458653,0.05809861895766612,-0.4366664634996304,0.06267831705280093,0.05521177907240947,-0.08993461677306258,-0.10344903283205939,0.01891336039590007,0.10909953390090721,-0.04119561032417816,0.3105554979509862
0.041669578030084975,1.0,0.1139320692663507,0.016099847524927477,0.1879345093488946,0.07604260265267747,0.02112932536836578,0.1121363911805957,0.0991331241897565,0.11010784748761887,0.20637158587425883,0.13853573293573326,0.14337066630917197,0.15403339357493975,0.21741943307462505,0.16771885717751311,0.0688547150328182,0.3199626968941423,0.2747429173268618,0.16086501290883823,0.2623069779138955,0.2568705301281277,0.055259868883722536,0.31237125441665053,0.18837349334665052,0.6078573056688561,0.2458643817889859,0.21353805106962956,0.24718360747481954,-0.051375126682380784,0.10547850410778038,0.16905792081233822,0.2897526319505971,0.059713980363633866,0.31712155512480583,0.2833255246924883,0.2691948282924622,0.08692187465534833,-0.1113899778666685,0.3423681453924604,0.048796807409288816,0.22266816268373843,0.1655536240054689,0.3547435435159111,0.05779263182043687,-0.022385719083732006,0.2682733067102947,0.12543963864544228,-0.02718094354179114,0.049500852355492266,0.1400567502036168,0.1156729422215535,0.3554023694665736,0.19792411467424167,0.16331919736712439,0.41388143646687137,0.02847851743857743,0.2165898859383278,-0.1334260224883117,0.08435204641473656,0.06261230900402524,-0.027187948850804857,0.0009517789968394784,0.2358440136436398,0.35096415608152365,-0.14159846508095777,0.4946369004537305,0.553621456585803,0.12347299522553518,-0.1183215956619924,0.08211981810596701,0.07397355367800613,0.5859854478101347,0.5354348265673152,0.2964592478692631,-0.07165905072174857,-0.05212623923462104,0.4703358226601197,0.07198905849460015,0.1800055198410248,0.186566622577689,-0.04591796095278954,0.21554917496233642,-0.43301270189221946,0.0922194574988644,3.551933480799944e-17,-0.23885146904119933,0.37600696792147464,-0.02361298060631301,0.08770580193070299,0.0734939122164919,0.5853694070049636,0.595695985312917,0.20211552224690527,-0.43536631460970515,0.3828343717792612,-0.4433510985214728,0.10336668214448028,0.27997663102508297,-0.3813972373921834
0.021202518986327346,0.1139320692663507,1.0,0.17806784929506003,0.056439439624495345,0.026592510974761455,0.05087628835521354,-0.1030091812266371,0.2856699624851624,0.06533945847325176,0.05617192610169101,0.25226882586055943,0.012549936299575543,0.36268513987872125,-0.007964211936889974,0.24034655814138112,0.06495914275220208,-0.031159249540531724,0.17809924169017644,0.5031019107593877,0.28322932423192465,0.30227685494283274,0.07009263019035478,0.03382931108618339,-0.061045950435845646,0.07103503499426013,0.5789647390524799,0.2853283015531172,0.05721643743714668,0.19545025909566832,0.04782872183862038,0.3579367575869284,0.058689954377232574,0.06384110270317492,0.2022292570249335,-0.021501187615767293,-0.10627621570541289,0.2709076377800596,-0.010998899083995522,0.05790554515962791,0.007247720958242173,0.060220287782621305,0.16026075686705024,-0.019882741500841038,0.09395212907939561,-0.04621477465886768,-0.08292256882973792,0.027611210285813873,0.031365688842107844,0.1867603309025299,0.07855646335135313,-0.16584970169009194,0.06809348703671059,0.23593173220555186,0.3301178901168388,0.3994442501404428,0.04422491950754762,0.0006644487470577628,-0.053954330261389065,-0.06599424534943557,0.046288786957252984,0.5464870047427444,0.3682894001053542,-0.05945258379731473,0.3216506541562866,1.6953349177626082e-16,-0.20241020417474873,-0.12978535391900076,0.20625743239368477,-0.13859057384994952,0.10204022555491724,-0.036486781198852576,0.29865307078640674,0.18810644519402514,-0.04087375305022639,0.009839502185952202,0.4395726193299834,-0.26772921485206885,0.035194673549766825,-0.10567259726589606,0.28010215507813846,-0.0820142322105546,0.21130250046283636,0.2983890362415357,0.05000826651241499,0.37603327748245885,0.18325416653445784,-0.26436931122646934,-0.1758173823431429,0.3744307551161855,-0.0350064702854903,0.04447320371975618,-0.13693063937629155,-0.2149027829202549,0.30731011443009204,0.11035035185412097,0.1401497189937081,-0.16163906893335772,-0.03162277660168387,0.4582253535940117
0.20643618964384022,0.016099847524927477,0.17806784929506003,1.0,0.09402651627797819,0.5626150788182874,-0.032448215203891316,-0.07748841615857528,0.14661098106020157,0.21940715849240586,0.2754568952011563,0.11533466481724448,0.3074755496846498,0.12943248322527495,0.18510875654561193,-0.0013084987011759436,0.08979769642733741,0.13805659511470064,0.0499298883649315,0.055386204638289686,0.1727052872296462,0.15066010790681575,0.195964834154419,0.008048818008343955,0.28094688552272795,0.06627486953588509,0.07711213826708818,0.2089941905749162,0.18428749785586818,0.14212016151532625,0.41057685094630103,0.1874863190499804,0.2156906206213829,0.254073298205144,0.20363591653619237,0.018604649663412243,0.128805041003352,0.09439580259558075,0.10188087809190488,0.024134623007786345,0.19527686999978838,0.32605721698337986,0.23905676418373642,-0.09228745355481016,0.11048493895439442,0.1331752396988564,0.2170575020705783,-0.028387871908673593,0.26809569393943494,0.2949649984368736,0.14744631700333846,0.16262453468498622,0.27775345011010255,0.06564312721691211,0.1626253022232274,-0.1332157543887494,-0.08006741846109024,0.18988078566255645,0.022271919836752245,0.20339658138697356,0.3191564728977455,0.1265171212195438,0.09716210066127492,-0.08766317237865467,0.27073894771287405,0.17541670548293645,0.3029926204315967,0.0325625849518021,0.17477714868948357,-0.11814587392837214,0.08074118852862985,-0.2814187719719519,0.33615485369093445,-0.0625760936015355,0.30978799461522794,0.3547986372221466,0.09924855569590224,0.07188394445002612,0.2785358926285973,0.32592263242254826,-0.02156191217918931,0.345220092539731,0.013546993219567902,-0.024313226954193228,-0.027939937811355616,0.1584443199059539,0.34338559043652983,-8.733230572038434e-17,0.3109598645563842,-0.2407154445266129,0.2685731192422014,-0.07048932537047349,-0.44182952972083406,0.1729878790271631,0.11425950149093904,0.020016395138028765,-0.050228114139551146,0.44164484285914635,0.3581618117302906,0.4102245257059642
0.022450938606956534,0.1879345093488946,0.056439439624495345,0.09402651627797819,1.0,-0.039327729309705656,0.35817791424684614,-0.10987323429173043,0.36238912620869,0.18638707989000028,0.3221786012018828,0.19095422069890994,0.3500194792820831,0.21219913239263288,0.39396421117076486,0.12214475317601586,0.22533795791133465,0.3724686967376794,0.26440826395840655,0.21693829640627887,0.271188259045714,0.2201844581642717,0.04331052486632948,0.2044451385391789,0.3340178475788898,0.22457875117683945,-0.009690404869428326,0.2888726442808635,0.3580090286826964,-0.24273024029976442,0.19522000466450323,0.1462913076418285,0.2594573454438626,0.3690484389060207,0.2395422490983581,0.5099285933360921,0.12600515462425546,0.15731653093300096,0.21044901290186235,0.24759449897244717,0.08804266948373674,0.36291155971524147,0.2614201871675101,-0.20444099646747213,0.20557161257939896,-0.0704738944908357,0.2108849625347602,0.036921154499478644,0.3366219558299681,0.21837637293383183,0.09973134964402687,0.35036203426456236,0.2863339530465513,0.04032976841806408,0.1173826805032861,0.32775689454293727,0.0301983907343984,0.5900567878146342,-0.25751449326580705,0.5152580803100388,0.013779955475216361,0.15128219167178295,0.1286217982916308,0.314318373897356,0.2949408717099475,0.5679402151190623,0.4979294480538721,0.23956482285140712,0.4419459886755423,0.2294456765389634,-0.20310096011589893,-0.12909539924058766,0.06465662950990284,0.30201711222324973,0.20735165207309852,0.20969852584517096,0.1864109298003599,0.20100007776419632,0.17035391253168802,0.3236300767766282,0.2378741790756237,0.5283605070905076,0.005174530799993915,0.02839809171235329,0.6454972243679028,-0.031420973601520505,-0.20446520502738266,0.24987843965749054,0.2152881603661162,-0.21628324255761464,-0.26715099170290035,-0.11376633637220258,0.4085240407759279,0.3598917999066886,0.7625213389783388,-0.05763904177042384,0.05681675938064584,0.4347199384483557,0.14159846508095772,0.18522599021959685
0.19826492060168302,0.07604260265267747,0.026592510974761455,0.5626150788182874,-0.039327729309705656,1.0,0.03278411671175947,-0.02389989536760849,-0.06398871984300493,0.1525074943450285,0.14070850140705568,0.21283657193772748,0.2691516623519334,0.11315641032174953,0.2925928064232577,-0.018405618985393078,0.23967871563712032,0.2245984162287454,0.15458297257286419,0.013880644953670557,0.12353910205622906,0.14362057474178214,0.17849345401950736,0.08970412664531005,0.25691921795283035,0.06572722561957545,0.27635378584759146,0.10368193944435473,0.182658057233758,0.2228518016926046,0.49869561225898856,0.0880093790124835,-0.015014705391635963,0.2816358112908586,0.12163304119092788,-0.00784767341637259,-0.0503155988203852,0.08861966591212023,0.23746457063380552,0.1718449537880241,0.2502558292099529,-0.013583539954281491,0.44297485765920996,-0.003794472141498542,0.23788896406672125,0.029857521472324282,0.024983307549496975,0.17408064051201658,0.12263198033318436,0.10538207007859418,0.15670770429393535,0.19333601098176767,0.25036808995617604,-0.06066067422724436,0.10070049538806773,0.18173543071113102,0.2009113641647572,0.20849346937968918,-0.019341480723762863,0.4698977939605209,0.2027499171262326,0.15278721550406182,-0.03718271713337522,0.26294986956144695,0.22961263190395517,0.09924538502549658,0.46840836104201194,0.13183588661531168,0.3093213668433868,0.3927237448421402,0.26178920670809636,0.35779988173923105,0.38354538174101377,-0.03901582724947478,0.22464005785585286,0.10538410154581117,0.526079689708649,0.2078229451823078,0.11292880804957656,0.13509670481501626,-0.20838142468384596,-7.934368912743953e-17,-0.06695695852871424,0.007017759860506568,-0.12866336381990923,-0.1638195106239447,0.4567226897888022,0.16448975827244403,0.3866569569622017,0.42483856331322933,0.31867578883038106,-0.1628224022564591,-0.02429748058636178,0.27393262466463164,0.2818475212062082,-0.11239029738980323,0.1137964862716324,0.2969278434243359,0.30340987525035196,0.10687808428852835
-0.026239388871913252,0.02112932536836578,0.05087628835521354,-0.032448215203891316,0.35817791424684614,0.03278411671175947,1.0,-0.07045865561445419,0.28216872850167424,0.20616309013522652,0.22023531205373872,0.10736054243316755,0.2232596334978709,0.23073019856700813,0.24538639778446394,0.16921972929288737,0.3854869646582689,0.10138113093957239,0.15669820020647518,0.16193382390511293,0.1556602534563645,0.14915758480196462,0.029180500537586307,0.18468694188377138,0.2931105917356527,-0.004599476688249166,0.0746181041892978,0.2535140066519671,0.27628067949297486,0.008999291376631986,-0.00647163375145196,0.24416015513143696,0.09857886424542252,0.2890387058399878,0.08371242671190018,0.3245594756266244,0.10389552871340944,0.30842960097058403,0.1736237644228406,0.24862040532103838,-0.16476406333095706,0.24245687786716683,0.21072562912845128,-0.00805833564519569,0.36572490816169206,0.01071275108861798,-0.11718163436562243,-0.12359947025297068,0.31762108269747,0.17490689441436333,0.40406531722872624,0.20642656947584076,0.12658107598483406,0.1724798998231982,0.13291995771562487,0.1335911976112054,-0.015000331622567307,0.2417580465732038,0.36938766751947927,0.2630154956549077,0.01993236114086184,0.12407008984411255,0.19494936547311545,0.3322622701780456,0.07241021206423365,0.202326921637828,0.3346247077973475,0.24860550295843445,0.3521171828980336,0.05643944518903551,-0.06933592333661569,0.15894144086657377,0.15772913730524754,0.034888933612502004,0.2575183156138605,0.26676450726860773,0.40996078369619093,0.07792810605905073,0.03778891307261006,0.20532067168215432,-0.09065173558125929,-0.1925822216299109,0.024869428594905794,-0.38022624247262643,0.2211043439824783,0.14340449023697302,0.2635250288860914,0.3973101432535806,0.26105372874678784,0.4275930552470682,-0.18633899812498253,0.07355067684337314,0.28357165256248734,0.16010860571811877,0.4077957752224521,-0.38018122049447234,0.09131167068486938,0.21956521739130436,-0.25102326009084663,-0.036637468840354875
0.09923540008270372,0.1121363911805957,-0.1030091812266371,-0.07748841615857528,-0.10987323429173043,-0.02389989536760849,-0.07045865561445419,1.0,-0.016900948651265308,-0.00979236294449951,-0.02063166282045521,0.02290773619985657,-0.15348854559814173,-0.07854197234839609,-0.16619420639556487,0.0012355743372864623,-0.01717479940255322,-0.025642470239684415,-0.02490699619799165,-0.07076590919128822,-0.17730989540238268,-0.04511034570939244,0.08736359641316067,-0.05939631428984249,0.018019005251625628,-0.034125900806889785,0.13214969330169268,-0.1061237087880016,-0.1528889842959215,0.1251522763597832,-0.05900943973273091,-0.0020221258794440216,-0.04554663523537513,-0.09405428980269312,-0.017983921872396166,-0.1579457176843255,-0.11698414503464419,0.016491856494411893,0.018567887387238816,0.09711685180801301,0.23140061630829223,-0.11844063435532962,-0.07479818389264924,0.39803299322219704,-0.056134827068586184,0.15074484340297345,0.08031588883266089,0.02978478001388217,-0.040391165154284765,-0.01498274210060529,0.24302604918297638,-0.14663441402531988,-0.04275158481492437,-0.18485849147524602,0.04392909708491939,-0.20390051249178717,0.23974267032086544,-0.16029662386709043,0.12577653071657832,0.06484074238325431,0.2077831531196147,-0.209115144101927,0.01487895913775438,-0.09748673694725009,-0.3927051623176795,-0.21806042550339,-0.16798530752762433,-0.002636774531240111,-0.32604495048154536,0.07477651848811144,0.3505370163122615,0.31877554676013614,0.004591941326385121,-0.3217742861927955,0.005036393525158665,0.21124205197515325,0.11122767877963809,-0.2228006710232216,0.2342418389949334,0.12972832864234568,0.06617725326339523,0.26020824993326663,0.05773502691896258,-0.16972502573910525,0.5114154694652235,-0.010233693926734448,-0.08032193289024993,-0.2863773389564792,0.3333543764401585,0.05168081675694468,0.3901371573204352,-0.13241577191401227,-0.566557774293771,-0.27322958831183686,-0.19370971105651488,0.07513558311760266,-0.3910381759670978,-0.039187618098800364,0.03208541469145242,-0.2728587931326351
-0.08748723600785828,0.0991331241897565,0.2856699624851624,0.14661098106020157,0.36238912620869,-0.06398871984300493,0.28216872850167424,-0.016900948651265308,1.0,0.06497336137571208,0.06051344233461655,0.19131676478311374,0.13828171407810028,0.4255457504050568,0.23765531764095787,0.3697448715270529,0.1499465682175309,0.13662552236216743,0.20979999149549364,0.833865588112178,0.21048871344246942,0.2908682003238392,0.121119403041933,0.12850023403660674,0.15397764642739892,0.19341423650429865,0.3509317431266773,0.3714926054932433,0.0854990984643041,-0.07950525912645715,0.18360876684015853,0.3470387484657608,0.1328830396732115,0.1991102528061962,0.2567886962369427,0.23727982348235388,0.07762922849804937,0.3647377985448203,0.15873121458365944,-0.04800996336188306,-0.07274192387107081,0.3093475191460505,-0.10858909565024631,-0.10114548431868475,0.275544476086543,-0.12024145841765135,0.1693530820538073,-0.1301257208535211,-0.06356109431899833,0.059397622997116636,0.021316982748045967,0.24039131079840692,0.17042532391470594,0.32457796538217365,0.3400994006713956,0.4043170934675549,-0.059573243166606844,0.2172749329382704,-0.14402816191509638,0.257357498891279,-0.13587476770723617,0.5350036022366165,0.24726472072961475,0.36193237052652977,0.15995015142977437,0.16511329627207835,0.031198734824607464,0.3095004368082345,-0.3364017601033428,-0.2202274064083475,0.13926924107021058,-0.2133019459352223,-0.36518798560746507,0.25618355677807203,0.424186590155319,-0.03745554791462439,0.3294293615474646,-0.025135306091657934,0.1705321613430722,0.17166941864130567,0.18133942463817557,0.477480575350865,0.05455447255899805,-0.7417076299549126,0.34035164682842056,0.12929658441975067,-0.2532627807728463,-0.008531814517351794,0.3414015305574902,0.2647992869168495,0.3101450448544295,0.05384686189633044,0.33062326126679026,-0.07680953726425678,,-0.0821041541473943,-0.3651912232877523,-0.0375428227617156,0.13720532498711285,-0.03798088557370356
0.3230299695591224,0.11010784748761887,0.06533945847325176,0.21940715849240586,0.18638707989000028,0.1525074943450285,0.20616309013522652,-0.00979236294449951,0.06497336137571208,1.0,0.4045647677603592,0.3121031849391727,0.21739884741258378,0.14020199541778355,0.22704284534740407,0.13488830548758665,0.1604008088630318,0.16550218999580402,0.017664852521270136,-0.027736258639545923,0.05848077350183242,0.07277817332464874,0.2219238711771913,0.14375194198611227,0.0782956685761249,0.09747815475690452,0.14522851126940148,0.0775510785219644,0.08559274390836306,0.05405309750950672,0.2901682059702085,0.2519367207405543,0.16651549249468345,0.25783444924322446,0.25555868686954664,0.3200412914930891,0.015796519871253044,0.17342282399334322,0.14193839757696625,0.1542856268604596,0.11540067940562686,0.7643335359451996,0.3886482425416246,0.01718584733673146,0.1559857928007678,-0.10854646375097962,-0.0096629202112365,0.4012573630193884,0.15767116416457536,-0.002210578766118005,0.1842150371356881,0.1659927463323745,0.21695896307998871,0.33942480768723754,0.03530493320598544,0.15443924353552704,-0.13576936310488566,0.3857767347346111,0.047012159700779384,0.04390607898961155,0.36771084782153746,0.15407033673133333,-0.07913218013402908,0.2650271632373092,0.0843885152545198,0.06921466887061754,0.2704776098842297,0.18737151859336476,0.6069327367499429,0.22154308108836693,-0.07254904244779176,-0.005637323494641271,0.13571609516030345,0.21114057020615395,0.12415487052275122,0.02797476415788718,-0.06382310473739888,-0.07874737961687847,0.2548349335576082,0.6505172764571137,0.36650918487406947,0.3743359300615316,0.6750771560841522,0.39901193756050657,0.3922322702763681,0.04302908299920102,0.05096471914376264,0.5111012519999519,0.3502215336827858,-0.44714585981084837,0.3243745600673012,0.04797924901966578,0.08027878384985962,0.20296550278003042,0.18690585577590438,0.21555981528576687,0.11523511960911863,0.3926539053444277,0.38188485546267853,0.3118408154833305
0.18851552503265473,0.20637158587425883,0.05617192610169101,0.2754568952011563,0.3221786012018828,0.14070850140705568,0.22023531205373872,-0.02063166282045521,0.06051344233461655,0.4045647677603592,1.0,0.18428458505724224,0.4607022387557869,0.058265384976974643,0.3484828641727166,0.017198313664843347,0.1988090718664666,0.18030119165707387,0.026800567768338408,-0.025806135951271916,0.25484447769529023,0.1279445992640878,0.2091112166221237,0.15731492607998873,0.27073375360071567,0.049230363414823855,0.14085967889703993,0.2521253022233318,0.3962243098399412,0.013207174183704457,0.11149409781657127,0.11065054281300502,0.22037773473749878,0.38061925953391373,0.24071587353462826,0.12446437766668503,0.25141761767253745,0.142277531614634,0.1292669924630418,0.18589935639700703,0.02889238719872351,0.48625376771605044,0.3079084412733334,-0.24710050584643356,0.16367849553543704,0.07780072112391652,0.20552874490340245,0.2589924610630035,0.1835236879560142,0.2383300244685443,0.42736868327863,0.4897455016350514,0.48560192405934494,0.1367519027406888,0.03827851806843201,0.24688275115837932,0.07162886163237606,0.5004933588817514,0.16024183860890506,0.25559088379321127,-0.13682122614317807,0.0591743601760666,0.13680735053070606,0.512862287458482,-0.0026338849777766044,0.279096149249693,0.4266490636396502,0.12595815937531166,0.43468886416242114,-0.08483439979760744,-0.18752948693484514,-0.10788541488858176,0.3787480755645475,0.376090452523613,0.13434267077371043,0.2176955562202045,0.06988826808520127,0.5566760080250573,0.14374378055451514,0.3294142798883017,0.07778060210654682,0.5722937718430305,0.22261064146575657,0.26042371785325713,-0.5484084971070817,0.17677669529663695,-0.28398091712353263,0.5077682602822278,0.3450955072018601,0.3161246334202105,0.1718859196383245,-0.02399834897038429,0.26185702026558805,-0.1397502646921151,-0.15181268878568277,-0.07149933152085455,-0.4580286124143444,-0.03180136570717409,0.19153271942071853,0.7909914862238456
0.004618996665798828,0.13853573293573326,0.25226882586055943,0.11533466481724448,0.19095422069890994,0.21283657193772748,0.10736054243316755,0.02290773619985657,0.19131676478311374,0.3121031849391727,0.18428458505724224,1.0,0.21736164897960905,0.4048886744894895,0.29193007082510847,0.18483915609796805,0.16010397001835272,0.19857352028399078,0.23485461579486247,0.25674568758190486,0.6264702895755648,0.35879485513633197,0.09289225899635781,0.3378595543080732,0.10232024514983096,0.047654972848966935,0.07700964988905926,0.48131946484891813,0.1666326504709102,0.1556559585925906,0.28879125670387146,0.034463350278077017,0.20217462548484694,0.15308199098660139,0.48839121664122476,0.06985273968703863,0.3496764789076441,0.1302736494345036,-0.08915774988185672,0.4274526860836444,0.2603926015667531,0.2336323857941242,0.07365267163895295,0.026904160183192992,0.3337332413029969,-0.10750695028948355,0.6042350895573418,0.2429280616743303,0.14500231989447568,0.07028847101884443,0.192865305659235,0.29382239290759626,0.3454938795634503,0.41425108343298406,0.3636223844219144,0.47214713973756955,0.21908570534208666,0.37664371440167427,0.01790943328490637,0.03081761161906702,-0.14726460297721458,0.2638721588065734,0.5113524636130969,0.2689018065532871,0.03718099339439384,0.27045924774314883,0.09513029883089877,-0.042768886246695066,0.15634333171259354,0.26200841626513255,-0.0647002856844749,0.1885071833031921,0.14823911879517743,-0.10551922850953328,0.352944251874348,0.2817879814705388,0.24207984332939547,0.2703849917962756,0.31607608589010844,0.4126505892844928,0.5940038897666982,0.5833333333333335,0.431794300167913,-0.32306316502374693,-0.08496227317903603,-0.004256706803320705,0.7523487941998519,0.36966428248055305,0.5979480742015489,-0.02518164825829401,-0.010999642517427072,0.16257468027986735,-0.019561519910898748,-0.13490853062111782,0.40180329406185855,0.16943321386610927,0.29777500019127945,0.17783713064073986,0.43782387072138507,0.14877685811090857
0.11586981197613284,0.14337066630917197,0.012549936299575543,0.3074755496846498,0.3500194792820831,0.2691516623519334,0.2232596334978709,-0.15348854559814173,0.13828171407810028,0.21739884741258378,0.4607022387557869,0.21736164897960905,1.0,0.3158812872029194,0.6259749659145236,0.13660086731282034,0.33476027716240225,0.432360379907957,0.3289694461490232,0.1625178232712599,0.33449597857507196,0.2287296760170252,0.23276704712067844,0.3941978470974682,0.7798485235118029,0.04614389144401273,0.02780458158048784,0.41755854213520327,0.8273687358584423,-0.05656949268803675,0.3567214280479966,0.18486188189976738,0.2897522968685683,0.7450377427202786,0.41022022634583744,0.3256628780654052,0.437527916791354,-0.010861613632948132,0.09977719222141512,0.4420586718944224,0.113086885393571,0.2935328260210003,0.30068528598939886,-0.1037434555077244,0.3053368658460073,-0.12902195131981842,0.3729804228143851,0.14501792242347797,0.15726300103416727,0.3093580740325674,0.16308075375633682,0.696248159761152,0.7562862168038567,-0.04950591574232289,0.19725179481391278,0.3233675114380996,0.2414781721164138,0.1967129515705176,-0.13526360862941453,0.2410623657216988,-0.04664207964452715,0.11348671101963269,0.06546275360046074,0.7162202274355584,0.47088712979704017,0.20728904939721252,0.8156677612069155,0.41640725885859087,0.80127297396502,0.12697278186339608,0.1469304837462668,0.18716062563958552,0.18808397213836986,-0.030411436850788256,0.3052931107888706,0.08066291903041024,0.26631442527016247,0.7889143732645104,0.4897906453842307,0.032678480481467105,0.5103174971052955,0.11173079744445198,0.4907020796585793,-0.7835552222865849,0.0334366927545212,0.4815139766313695,0.40982484243300477,0.3776485515787365,0.2478629373915038,0.6928203230275508,0.6115095870875977,0.2364331218717302,-0.0023109051952381484,0.26983588168038286,0.4678482078808194,0.02492688450787206,0.07171852583529022,0.67996279132785,0.05647692185446508,0.6968753760049505
-0.050579459092529755,0.15403339357493975,0.36268513987872125,0.12943248322527495,0.21219913239263288,0.11315641032174953,0.23073019856700813,-0.07854197234839609,0.4255457504050568,0.14020199541778355,0.058265384976974643,0.4048886744894895,0.3158812872029194,1.0,0.13964370334515583,0.3168609256378748,0.0539869636203843,0.09290958361779486,0.4245712826227171,0.4187246440829483,0.4157819682325222,0.518038266220157,0.014493015902660932,0.40837470332603104,0.28263458424156085,0.19186818871671113,0.24499714251354418,0.816457181728022,0.3473564303641954,-0.05100899157432569,0.07952898433037556,0.47060292304628054,0.3944702623420977,0.2979507567226356,0.46457621337864907,0.09123902139467795,0.07600035641526455,0.39686621447455683,0.042012082920481,0.3003161859021157,-0.0016469484650054917,0.20221689672985094,0.04976569554018038,0.022585768257646348,0.02876977520176047,-0.21202165313136095,0.2513214003654062,-0.061699847303534935,-0.16539230122313814,0.04424322384141364,0.11112020246734958,0.08786186408031171,0.3079112957418252,0.35938766046193255,0.32271971207707184,0.4007032192493445,-0.05372045022695805,-0.013050264188959798,-0.08760624517121025,0.4704236820840015,0.0419357594779382,0.1284666940728976,0.28542233670605377,0.1830986916136745,0.22887711066380664,0.07946938269859323,0.183147418598252,-0.05798556703677342,-0.4982459531876798,-0.45184761580031,-0.014135069854804531,0.07528088711892604,0.22634265508501653,0.7195247938263717,-0.0008337242332062525,-0.05397188541542393,0.48763434811880707,0.45871777636200706,0.03857226614973016,0.2575447456427219,-0.12804555422442263,0.4999414165476714,0.24389906351352975,0.5714285714285714,0.41267938804516785,0.23922884868395522,0.12222530175967614,0.20672455764868064,0.4465160325105229,0.33083788859311086,-0.0783015397749695,0.2157802968802314,0.2512379876477926,0.38716929968975045,0.40434491426080943,0.3244191939621926,5.1858447147269815e-17,0.4622347613431072,0.6780635036208106,0.44595283328230634
0.0836775238067533,0.21741943307462505,-0.007964211936889974,0.18510875654561193,0.39396421117076486,0.2925928064232577,0.24538639778446394,-0.16619420639556487,0.23765531764095787,0.22704284534740407,0.3484828641727166,0.29193007082510847,0.6259749659145236,0.13964370334515583,1.0,0.09276120065063105,0.36824699844330144,0.3942978088282286,0.1438472707273946,0.17656390749107695,0.4783253398891366,0.2422189324909444,0.1931802162392851,0.29063497860837684,0.6208005703621887,0.15307736284715187,0.039272799087523735,0.2471870258528748,0.33442920485976985,0.014824949756519332,0.41705876285929433,0.03895619747276287,0.24874092916687707,0.34724230423939173,0.3033843418411785,0.37967438872943643,0.3904419610120915,-0.00780634801753951,0.160616568528294,0.31205862018041686,-0.05895833390136118,0.5412665065704757,0.4379641751844222,-0.038777672431220586,0.12050874614350776,-0.028298246600348777,0.3995620662601894,0.45541952636560157,0.09377972191508739,0.16411164729965685,0.3465220323782424,0.7479315844932802,0.4515398349027401,0.12347595898860893,0.1605774702968701,0.3635919752135182,0.1648441317811591,0.3903881434796119,-0.030881173754110567,0.4897508337896115,0.06348512475790449,-0.0724252046322082,0.41078128737057257,0.49812488685450285,0.19659906647251474,0.5055293080037773,0.5183884564304067,0.48696744578899587,0.4127929383483308,-0.14354190240879103,0.03299999256765541,-0.04502072349032354,0.05950260701508105,0.31738124351819486,0.20009338492411352,0.22761429296181093,0.32735646574981625,0.6056229300597147,0.30924762834029224,0.2529159352355842,0.5894289359950317,0.48669693748433107,0.41781404239639314,-0.4909902530309828,0.07058100983493096,0.4283529368781194,-0.6224949798994366,0.7092490214199668,-0.0055608213776678385,0.043369087411965594,0.12236528115476863,0.5157509311289995,0.5409547975980867,0.09035079029052509,0.5976143046671968,0.1967175353083418,0.28583584040419874,-0.19172367516925304,0.500267212987811,0.6176328262279271
0.0694457021793254,0.16771885717751311,0.24034655814138112,-0.0013084987011759436,0.12214475317601586,-0.018405618985393078,0.16921972929288737,0.0012355743372864623,0.3697448715270529,0.13488830548758665,0.017198313664843347,0.18483915609796805,0.13660086731282034,0.3168609256378748,0.09276120065063105,1.0,0.0469605493404174,0.1687846919358539,0.30434475939469147,0.46369287309274787,0.2719428550151763,0.27915300941927257,0.12650908282105788,0.23078668231819152,0.22747171776937158,0.23392396166964458,-0.038366677076747895,0.22398576036243684,0.042668344399489175,-0.07491706612941901,0.11770703514760032,0.19737266000123896,0.13845064130433818,0.29146635121212966,0.2685356170338195,0.24815812774364457,0.22644832364331627,0.3549443425040286,-0.0034988464658660496,0.062178022449482555,0.046857313347036154,0.25168451425628563,0.17771334010141152,-0.02871471300810825,0.157531786861852,0.1976095576973259,0.052240539661015835,0.19403520095526824,-0.06766099035711386,-0.022133165279170506,0.43732371090910444,0.05328229546708504,0.08512517559503507,0.8401449383050527,0.42765946305267494,0.18520128237246533,-0.2583938099686505,0.1436925863446797,-0.05094600771994494,0.24090731340997934,-0.09582474360513069,0.27124044816269843,0.2553497868268546,0.18914103246619562,0.14054250962612588,0.10463648567302215,0.09890166457200229,-0.11206535607562733,0.1747161147295356,0.10322198006439035,-0.11879774082787282,0.12387234072268323,-0.1655319959270481,-0.06057825328153851,0.21890749261379103,-0.050785718144036256,-0.11941998888974943,1.642569326801075e-17,0.09687563199755123,0.0141463801745614,-0.11405876361422429,0.014290089472673953,0.11531964656449581,0.2331332217135649,-0.01689664950130662,0.3898816732573971,3.2756955167916446e-17,0.37553380809940534,-0.04556766353603063,0.5297181217169225,0.16488585605334935,0.19835012390016862,0.2281651106740228,-0.15161960871578062,-0.04370188612670308,0.0684727241460366,0.20412414523193156,-0.5751599343539662,-0.23087029552491387,0.4737941178603754
0.10715139547843139,0.0688547150328182,0.06495914275220208,0.08979769642733741,0.22533795791133465,0.23967871563712032,0.3854869646582689,-0.01717479940255322,0.1499465682175309,0.1604008088630318,0.1988090718664666,0.16010397001835272,0.33476027716240225,0.0539869636203843,0.36824699844330144,0.0469605493404174,1.0,0.19728960954931649,0.01111488175495702,-0.015723253521329434,0.16335786178984735,0.26584927975922135,0.27208878847337925,0.23727572574553796,0.2364557497993064,0.03707987547426067,0.1940218915238581,0.18753247626319108,0.3666232259312204,0.0973736240906031,0.31986205290646164,0.04357515037090037,0.14999919027715525,0.21783593107511037,0.03360721095908539,0.23402125924293427,0.13786087387676657,0.020242045720403355,0.170164076069222,0.3140587817103406,0.23259452623449137,0.039426682626068674,0.5142677844278528,-0.15540842513843384,0.4423450360472612,0.05965654807634425,0.14288307583831766,0.40828240706852587,0.15430503258742867,0.6277511719808285,0.5333055652963398,0.3353977482108986,0.08461048814864261,-0.12634971271355297,-0.05412662585302403,0.025260044313853012,0.11735287991340534,0.17424242424242442,0.1382821793071631,0.30783460673966756,0.391786952469209,0.1005111469930264,0.16244587216160705,0.3950871876310268,0.0172168970202438,0.39158551907217604,0.41815840701550305,-0.057074312636814374,0.22399226585964158,0.14039357946485578,0.2858344753273377,-0.18807373855224208,-0.019519163348512877,-0.2009028512431486,0.11883299763853082,0.11165627493773399,0.18694366574427693,0.5368426291138181,-0.2056391459207284,0.583339550275631,0.7858477026025911,-0.25276872523228583,0.5202263464156893,0.46770717334674267,0.29083752537355556,0.4202601199793233,0.18689522729237149,0.4799500598240338,0.355265523563728,-0.5494576741043697,0.5401080324108037,0.3499999999999999,-0.5305954499725112,0.43775488495927845,0.32146907146923215,-0.03519299082879301,0.36989772143705396,0.15255639767059,0.39330331806380675,0.3326122999704254
0.19242343755725327,0.3199626968941423,-0.031159249540531724,0.13805659511470064,0.3724686967376794,0.2245984162287454,0.10138113093957239,-0.025642470239684415,0.13662552236216743,0.16550218999580402,0.18030119165707387,0.19857352028399078,0.432360379907957,0.09290958361779486,0.3942978088282286,0.1687846919358539,0.19728960954931649,1.0,0.26745010085305065,0.1408072114941173,0.3189159132616097,0.24216691486644099,0.1182220672160693,0.5012846472009077,0.4600144992779292,0.37588714115313776,-0.013631278127686709,0.12162345901201592,0.5157398189170082,-0.06912830241821938,0.32747424546825105,0.1582978413987038,0.18251285698480785,0.47024065600468223,0.3017219238177621,0.408214682859459,0.471469462962927,0.025099587338408016,-0.08520279924427382,0.4298115761818969,0.05940715622485803,0.36285050535250124,0.35715554774122776,0.0649309714442212,0.127912876635923,-0.09544474365857206,0.3830749277931762,0.2736535198611019,0.1369833334431192,0.38029414811955875,0.27451509933939783,0.43857573063400795,0.2419261125419317,0.3133803624116394,0.2027564343677161,0.42836543671632044,0.0543656829000818,0.2806058780449218,0.2470772335728201,0.3212546987280584,0.20588680555864808,0.4509567076285992,0.2640749978792333,0.4590102868849229,0.08941598518143277,0.22719067920516756,0.6456444878201312,0.13537959504528707,0.3677034713066282,-0.19495380341132756,-0.19342417671868548,0.1256120714540702,-0.04816285530286325,0.4864998592678678,0.2583681700840281,-0.09457421173304426,0.37353512405962613,0.2934890081597699,0.16668810427260347,0.445709249871978,0.03879195031588118,0.12499999999999996,0.8040302522073695,-0.39371349828807656,0.174157636504809,0.7416198487095662,0.45193705783781907,0.09430015105116141,0.025659796463112377,0.7650993960864082,-0.14742059239963684,0.4947008345077362,0.42417477815664906,-0.2499024009332316,1.6156043866076908e-17,-0.022917462425705273,-3.0428491274549237e-17,0.39189011940423385,0.6972899219794573,0.6286080068817047
-0.06431481320578138,0.2747429173268618,0.17809924169017644,0.0499298883649315,0.26440826395840655,0.15458297257286419,0.15669820020647518,-0.02490699619799165,0.20979999149549364,0.017664852521270136,0.026800567768338408,0.23485461579486247,0.3289694461490232,0.4245712826227171,0.1438472707273946,0.30434475939469147,0.01111488175495702,0.26745010085305065,1.0,0.14561594317114968,0.37111699926343944,0.656950909968843,-0.07574597257482045,0.7165419542393267,0.20404643476501463,0.2500274583824532,0.15893704277686693,0.4439107480996334,0.2311518383452392,0.07052563844049059,0.3691124703972376,0.4329111052222153,0.5791113759956231,0.21830549650244524,0.5890154581984177,0.11090696797730332,0.36971098285852905,0.27329750712515605,0.04942785576737854,0.4258356037050435,0.11389148116480077,0.22120943910109914,0.253455044018122,0.2505324549291218,-0.007071859832356538,-0.10682676434206019,0.3679629319141443,-0.09006540456025508,0.01375339262699756,-0.055752270259278223,-0.03123684263753607,0.16934631489830554,0.4033412396560948,0.44035960224775633,0.5957137201676205,0.4908502988734654,-0.07311631640510996,0.32852554556297026,-0.00281195235421064,0.29904458356083746,0.03384464277423665,0.37300947624548225,0.4143929328206176,0.3427434498000963,0.3907853028440467,-0.011260312238582032,0.35483913703818193,-0.10677275981195135,0.168985009201183,0.2596710700559757,-0.2750567246039829,0.06808307377101684,-0.3837586479126979,0.2805390035955938,0.44553020726234993,0.1346807659895492,-0.03002637474062069,0.2015211805861145,-0.1721992253492506,-0.12987933062086135,-0.18257418583505544,0.4517942780089736,-0.11674344631740353,0.6030226891555274,-0.09081532183729996,0.14552137502179968,0.3469406151935562,0.410159443668885,0.05781376594028765,0.4969720479644309,0.3688490385377121,0.7787464240889703,-0.3162346965047142,0.5384615384615382,0.4935253301118274,0.17736365854238495,0.1232992404790179,0.5275249397919745,0.4246037360976425,0.18641668793370503
